DONI12009
1000 0 0
 5.49417000000000E+0002  9.58576000000000E+0003
 5.39180000000000E+0002  9.56607000000000E+0003
 5.49261000000000E+0002  9.58728000000000E+0003
 5.47205000000000E+0002  9.57873000000000E+0003
 5.52326963716115E+0002  9.58709628866234E+0003
 5.41955000000000E+0002  9.58160000000000E+0003
 5.56324000000000E+0002  9.57215000000000E+0003
 5.53938000000000E+0002  9.58369000000000E+0003
 5.45631000000000E+0002  9.58204000000000E+0003
 5.58161000000000E+0002  9.58792000000000E+0003
 5.54182000000000E+0002  9.58352000000000E+0003
 5.42650000000000E+0002  9.56839000000000E+0003
 5.46156000000000E+0002  9.58654000000000E+0003
 5.42481000000000E+0002  9.58111000000000E+0003
 5.50784000000000E+0002  9.58915000000000E+0003
 5.45049000000000E+0002  9.58760000000000E+0003
 5.62580000000000E+0002  9.57326000000000E+0003
 5.45970000000000E+0002  9.57990000000000E+0003
 5.44085000000000E+0002  9.57993000000000E+0003
 5.44343000000000E+0002  9.58842000000000E+0003
 5.57226000000000E+0002  9.58664000000000E+0003
 5.39180000000000E+0002  9.56607000000000E+0003
 5.55268000000000E+0002  9.57799000000000E+0003
 5.35704859871732E+0002  9.58878483033096E+0003
 5.45188000000000E+0002  9.58596000000000E+0003
 5.52847000000000E+0002  9.58556000000000E+0003
 5.56513000000000E+0002  9.58710000000000E+0003
 5.51312000000000E+0002  9.58759000000000E+0003
 5.46774000000000E+0002  9.58342000000000E+0003
 5.58078000000000E+0002  9.55838000000000E+0003
 5.47853000000000E+0002  9.58493000000000E+0003
 5.57698000000000E+0002  9.58637000000000E+0003
 5.70860000000000E+0002  9.56612000000000E+0003
 5.45103000000000E+0002  9.58913000000000E+0003
 5.70860000000000E+0002  9.56612000000000E+0003
 5.56013000000000E+0002  9.58130000000000E+0003
 5.37617343257261E+0002  9.58743165526855E+0003
 5.35709247219829E+0002  9.58878483033096E+0003
 5.48250000000000E+0002  9.58853000000000E+0003
 5.70860000000000E+0002  9.56612000000000E+0003
 5.62580000000000E+0002  9.57326000000000E+0003
 5.35722409264121E+0002  9.58877166828667E+0003
 5.51323006526137E+0002  9.57994098336302E+0003
 5.45360000191742E+0002  9.58449116140914E+0003
 5.39180000000000E+0002  9.56607000000000E+0003
 5.44483000000000E+0002  9.58213000000000E+0003
 5.45267842013696E+0002  9.57742257864293E+0003
 5.55403363368870E+0002  9.58686382746482E+0003
 5.41152429615873E+0002  9.58428336735082E+0003
 5.70860000000000E+0002  9.56612000000000E+0003
 5.48735000000000E+0002  9.59010000000000E+0003
 5.56354648618337E+0002  9.57618448205330E+0003
 5.43377000000000E+0002  9.58113000000000E+0003
 5.43990000000000E+0002  9.54708000000000E+0003
 5.45185000000000E+0002  9.58728000000000E+0003
 5.57106053880597E+0002  9.58652881618977E+0003
 5.46458000000000E+0002  9.58392000000000E+0003
 5.35718021916024E+0002  9.58878921767906E+0003
 5.47620000000000E+0002  9.57642000000000E+0003
 5.37406503839629E+0002  9.58809750259941E+0003
 5.42650000000000E+0002  9.56839000000000E+0003
 5.51236000000000E+0002  9.58754000000000E+0003
 5.62580000000000E+0002  9.57326000000000E+0003
 5.57923000000000E+0002  9.58679000000000E+0003
 5.42542939363300E+0002  9.58435914198149E+0003
 5.51134000000000E+0002  9.58750000000000E+0003
 5.45580000000000E+0002  9.55276000000000E+0003
 5.51202000000000E+0002  9.58755000000000E+0003
 5.52656000000000E+0002  9.58629000000000E+0003
 5.49014000000000E+0002  9.58655000000000E+0003
 5.52790000000000E+0002  9.58818000000000E+0003
 5.43220000000000E+0002  9.58285000000000E+0003
 5.52650000000000E+0002  9.58622000000000E+0003
 5.45580000000000E+0002  9.55276000000000E+0003
 5.46172000000000E+0002  9.58788000000000E+0003
 5.39180000000000E+0002  9.56607000000000E+0003
 5.59013000000000E+0002  9.58090000000000E+0003
 5.50455000000000E+0002  9.58398000000000E+0003
 5.58788000000000E+0002  9.58544000000000E+0003
 5.55107000000000E+0002  9.58024000000000E+0003
 5.35713634567926E+0002  9.58875850624238E+0003
 5.55558000000000E+0002  9.58101000000000E+0003
 5.45823000000000E+0002  9.58192000000000E+0003
 5.42650000000000E+0002  9.56839000000000E+0003
 5.50218000000000E+0002  9.58475000000000E+0003
 5.42650000000000E+0002  9.56839000000000E+0003
 5.42650000000000E+0002  9.56839000000000E+0003
 5.42650000000000E+0002  9.56839000000000E+0003
 5.48587000000000E+0002  9.58990000000000E+0003
 5.49146000000000E+0002  9.59009000000000E+0003
 5.48803000000000E+0002  9.59013000000000E+0003
 5.49872000000000E+0002  9.58966000000000E+0003
 5.49351000000000E+0002  9.59002000000000E+0003
 5.49393000000000E+0002  9.58986000000000E+0003
 5.48881000000000E+0002  9.59018000000000E+0003
 5.47869000000000E+0002  9.58073000000000E+0003
 5.49824000000000E+0002  9.58980000000000E+0003
 5.46443000000000E+0002  9.58014000000000E+0003
 5.49751000000000E+0002  9.58982000000000E+0003
 5.49803000000000E+0002  9.58981000000000E+0003
 5.49291000000000E+0002  9.58982000000000E+0003
 5.46644000000000E+0002  9.59136000000000E+0003
 5.51747991052889E+0002  9.58889200937044E+0003
 5.42618253110421E+0002  9.57787114031811E+0003
 5.44954000000000E+0002  9.58851000000000E+0003
 5.49643000000000E+0002  9.58987000000000E+0003
 5.49261000000000E+0002  9.59009000000000E+0003
 5.42650000000000E+0002  9.56839000000000E+0003
 5.49338000000000E+0002  9.59008000000000E+0003
 5.50630000000000E+0002  9.58549000000000E+0003
 5.48701000000000E+0002  9.59038000000000E+0003
 5.48852000000000E+0002  9.59001000000000E+0003
 5.44779000000000E+0002  9.58878000000000E+0003
 5.49685000000000E+0002  9.58992000000000E+0003
 5.53971000000000E+0002  9.58868000000000E+0003
 5.48913000000000E+0002  9.59009000000000E+0003
 5.35700472523635E+0002  9.58877605563477E+0003
 5.47407000000000E+0002  9.59082000000000E+0003
 5.55906319435845E+0002  9.58680273086762E+0003
 5.47352000000000E+0002  9.59084000000000E+0003
 5.47332000000000E+0002  9.59084000000000E+0003
 5.35709247219829E+0002  9.58878044298286E+0003
 5.48115000000000E+0002  9.59059000000000E+0003
 5.49573000000000E+0002  9.58586000000000E+0003
 5.48620000000000E+0002  9.59042000000000E+0003
 5.49972000000000E+0002  9.58039000000000E+0003
 5.57234000000000E+0002  9.58826000000000E+0003
 5.42099927262978E+0002  9.58369947874811E+0003
 5.42650000000000E+0002  9.56839000000000E+0003
 5.51041219741130E+0002  9.58741861306663E+0003
 5.38482369638477E+0002  9.58298526715684E+0003
 5.38455450389652E+0002  9.58297263584999E+0003
 5.50508000000000E+0002  9.58407000000000E+0003
 5.46876000000000E+0002  9.59060000000000E+0003
 5.57347000000000E+0002  9.57573000000000E+0003
 5.46049000000000E+0002  9.58948000000000E+0003
 5.42650000000000E+0002  9.56839000000000E+0003
 5.35704859871732E+0002  9.58878044298286E+0003
 5.45122000000000E+0002  9.57855000000000E+0003
 5.44098000000000E+0002  9.58006000000000E+0003
 5.49742000000000E+0002  9.57995000000000E+0003
 5.62580000000000E+0002  9.57326000000000E+0003
 5.48103000000000E+0002  9.58383000000000E+0003
 5.42650000000000E+0002  9.56839000000000E+0003
 5.49745000000000E+0002  9.58043000000000E+0003
 5.46441000000000E+0002  9.58045000000000E+0003
 5.51399000000000E+0002  9.58079000000000E+0003
 5.62580000000000E+0002  9.57326000000000E+0003
 5.62580000000000E+0002  9.57326000000000E+0003
 5.62580000000000E+0002  9.57326000000000E+0003
 5.62580000000000E+0002  9.57326000000000E+0003
 5.51274000000000E+0002  9.58770000000000E+0003
 5.57064000000000E+0002  9.57606000000000E+0003
 5.47574000000000E+0002  9.57595000000000E+0003
 5.38156661472662E+0002  9.58701427782480E+0003
 5.49428000000000E+0002  9.58476000000000E+0003
 5.56480000000000E+0002  9.57716000000000E+0003
 5.50927000000000E+0002  9.57829000000000E+0003
 5.56288000000000E+0002  9.58317000000000E+0003
 5.55528000000000E+0002  9.57336000000000E+0003
 5.52670000000000E+0002  9.58795000000000E+0003
 5.47557000000000E+0002  9.59024000000000E+0003
 5.42650000000000E+0002  9.56839000000000E+0003
 5.57584000000000E+0002  9.58813000000000E+0003
 5.49902000000000E+0002  9.58362000000000E+0003
 5.56751000000000E+0002  9.57616000000000E+0003
 5.42650000000000E+0002  9.56839000000000E+0003
 5.43687000000000E+0002  9.58215000000000E+0003
 5.48183000000000E+0002  9.58801000000000E+0003
 5.39180000000000E+0002  9.56607000000000E+0003
 5.46792000000000E+0002  9.59037000000000E+0003
 5.42650000000000E+0002  9.56839000000000E+0003
 5.42557000000000E+0002  9.58056000000000E+0003
 5.35735571308413E+0002  9.58877166828667E+0003
 5.41603000000000E+0002  9.58106000000000E+0003
 5.45404000000000E+0002  9.57847000000000E+0003
 5.45580000000000E+0002  9.55276000000000E+0003
 5.45521000000000E+0002  9.57852000000000E+0003
 5.42650000000000E+0002  9.56839000000000E+0003
 5.56840000000000E+0002  9.57648000000000E+0003
 5.44884000000000E+0002  9.58908000000000E+0003
 5.35709247219829E+0002  9.58878921767906E+0003
 5.45854000000000E+0002  9.58853000000000E+0003
 5.43356000000000E+0002  9.58436000000000E+0003
 5.46596000000000E+0002  9.58879000000000E+0003
 5.46477000000000E+0002  9.58773000000000E+0003
 5.54939000000000E+0002  9.58146000000000E+0003
 5.43147000000000E+0002  9.58391000000000E+0003
 5.46247000000000E+0002  9.58778000000000E+0003
 5.46076000000000E+0002  9.58915000000000E+0003
 5.46179000000000E+0002  9.58929000000000E+0003
 5.46026000000000E+0002  9.58854000000000E+0003
 5.45782000000000E+0002  9.58838000000000E+0003
 5.46028000000000E+0002  9.58834000000000E+0003
 5.51403000000000E+0002  9.58382000000000E+0003
 5.42698000000000E+0002  9.58312000000000E+0003
 5.55707000000000E+0002  9.58314000000000E+0003
 5.55426093281416E+0002  9.58227954133481E+0003
 5.57436000000000E+0002  9.58645000000000E+0003
 5.59601000000000E+0002  9.58889000000000E+0003
 5.54531000000000E+0002  9.58434000000000E+0003
 5.35704859871732E+0002  9.58878483033096E+0003
 5.53793000000000E+0002  9.58764000000000E+0003
 5.42748000000000E+0002  9.58314000000000E+0003
 5.44563000000000E+0002  9.58326000000000E+0003
 5.43906000000000E+0002  9.58406000000000E+0003
 5.43535000000000E+0002  9.58368000000000E+0003
 5.43683000000000E+0002  9.58409000000000E+0003
 5.54774886054159E+0002  9.57082070098723E+0003
 5.57541616607821E+0002  9.58851832359747E+0003
 5.44413000000000E+0002  9.58310000000000E+0003
 5.54375000000000E+0002  9.58778000000000E+0003
 5.56031000000000E+0002  9.58786000000000E+0003
 5.56394000000000E+0002  9.58724000000000E+0003
 5.43938000000000E+0002  9.58330000000000E+0003
 5.42650000000000E+0002  9.56839000000000E+0003
 5.45036000000000E+0002  9.57790000000000E+0003
 5.47047000000000E+0002  9.59077000000000E+0003
 5.48231000000000E+0002  9.58708000000000E+0003
 5.43226000000000E+0002  9.58276000000000E+0003
 5.53236000000000E+0002  9.58629000000000E+0003
 5.57024000000000E+0002  9.58754000000000E+0003
 5.55049000000000E+0002  9.58513000000000E+0003
 5.44525000000000E+0002  9.58287000000000E+0003
 5.57223000000000E+0002  9.58714000000000E+0003
 5.56840000000000E+0002  9.58710000000000E+0003
 5.57203000000000E+0002  9.58766000000000E+0003
 5.54803000000000E+0002  9.58434000000000E+0003
 5.57133000000000E+0002  9.58706000000000E+0003
 5.54185000000000E+0002  9.58460000000000E+0003
 5.54061000000000E+0002  9.58419000000000E+0003
 5.44571000000000E+0002  9.58297000000000E+0003
 5.54070000000000E+0002  9.58206000000000E+0003
 5.42650000000000E+0002  9.56839000000000E+0003
 5.54390000000000E+0002  9.58586000000000E+0003
 5.54873000000000E+0002  9.58449000000000E+0003
 5.56688000000000E+0002  9.58786000000000E+0003
 5.53749000000000E+0002  9.58476000000000E+0003
 5.53560000000000E+0002  9.58473000000000E+0003
 5.43094000000000E+0002  9.58256000000000E+0003
 5.53537000000000E+0002  9.58532000000000E+0003
 5.43979000000000E+0002  9.58378000000000E+0003
 5.35700000000000E+0002  9.58880000000000E+0003
 5.55536000000000E+0002  9.58571000000000E+0003
 5.55848000000000E+0002  9.58579000000000E+0003
 5.53519000000000E+0002  9.58498000000000E+0003
 5.53710000000000E+0002  9.58213000000000E+0003
 5.42650000000000E+0002  9.56839000000000E+0003
 5.48597000000000E+0002  9.58260000000000E+0003
 5.54867000000000E+0002  9.58440000000000E+0003
 5.53862000000000E+0002  9.58269000000000E+0003
 5.54554000000000E+0002  9.58629000000000E+0003
 5.53859000000000E+0002  9.58267000000000E+0003
 5.53941000000000E+0002  9.58476000000000E+0003
 5.57031000000000E+0002  9.58659000000000E+0003
 5.54597000000000E+0002  9.58521000000000E+0003
 5.48387000000000E+0002  9.58686000000000E+0003
 5.45719000000000E+0002  9.57780000000000E+0003
 5.57360000000000E+0002  9.58698000000000E+0003
 5.48428000000000E+0002  9.58269000000000E+0003
 5.57081000000000E+0002  9.58748000000000E+0003
 5.53743000000000E+0002  9.58197000000000E+0003
 5.53778000000000E+0002  9.58512000000000E+0003
 5.54008000000000E+0002  9.58636000000000E+0003
 5.44195000000000E+0002  9.58313000000000E+0003
 5.48016000000000E+0002  9.57953000000000E+0003
 5.45719000000000E+0002  9.58400000000000E+0003
 5.45401000000000E+0002  9.58594000000000E+0003
 5.45600000000000E+0002  9.58376000000000E+0003
 5.44969000000000E+0002  9.58580000000000E+0003
 5.48253000000000E+0002  9.58466000000000E+0003
 5.47008000000000E+0002  9.58288000000000E+0003
 5.48272000000000E+0002  9.58377000000000E+0003
 5.46855000000000E+0002  9.58049000000000E+0003
 5.47960000000000E+0002  9.58458000000000E+0003
 5.45022000000000E+0002  9.58611000000000E+0003
 5.48463000000000E+0002  9.58497000000000E+0003
 5.45852000000000E+0002  9.58683000000000E+0003
 5.45776000000000E+0002  9.58327000000000E+0003
 5.46732000000000E+0002  9.58350000000000E+0003
 5.44990000000000E+0002  9.58634000000000E+0003
 5.44628000000000E+0002  9.58657000000000E+0003
 5.46294000000000E+0002  9.58016000000000E+0003
 5.45645000000000E+0002  9.58628000000000E+0003
 5.48560000000000E+0002  9.58372000000000E+0003
 5.47238000000000E+0002  9.58296000000000E+0003
 5.45406000000000E+0002  9.58685000000000E+0003
 5.55401000000000E+0002  9.57610000000000E+0003
 5.46500000000000E+0002  9.58005000000000E+0003
 5.56843000000000E+0002  9.57639000000000E+0003
 5.56584000000000E+0002  9.57679000000000E+0003
 5.53757000000000E+0002  9.58783000000000E+0003
 5.56024000000000E+0002  9.57804000000000E+0003
 5.56439000000000E+0002  9.57772000000000E+0003
 5.46791766066098E+0002  9.57894846217911E+0003
 5.46295000000000E+0002  9.57996000000000E+0003
 5.56746000000000E+0002  9.57689000000000E+0003
 5.47125000000000E+0002  9.58081000000000E+0003
 5.56054000000000E+0002  9.57806000000000E+0003
 5.48556000000000E+0002  9.58369000000000E+0003
 5.46120000000000E+0002  9.58003000000000E+0003
 5.44502000000000E+0002  9.58965000000000E+0003
 5.44887000000000E+0002  9.58959000000000E+0003
 5.55416000000000E+0002  9.57602000000000E+0003
 5.55564000000000E+0002  9.57740000000000E+0003
 5.44619000000000E+0002  9.58889000000000E+0003
 5.58209000000000E+0002  9.57673000000000E+0003
 5.54636000000000E+0002  9.57798000000000E+0003
 5.56597000000000E+0002  9.57586000000000E+0003
 5.58179000000000E+0002  9.57663000000000E+0003
 5.44851000000000E+0002  9.58947000000000E+0003
 5.57771000000000E+0002  9.57719000000000E+0003
 5.57368000000000E+0002  9.57706000000000E+0003
 5.45575000000000E+0002  9.58934000000000E+0003
 5.56609000000000E+0002  9.57759000000000E+0003
 5.45574000000000E+0002  9.58935000000000E+0003
 5.45272000000000E+0002  9.59004000000000E+0003
 5.57556000000000E+0002  9.57838000000000E+0003
 5.56182000000000E+0002  9.57664000000000E+0003
 5.56633000000000E+0002  9.58453000000000E+0003
 5.52636000000000E+0002  9.58459000000000E+0003
 5.51666000000000E+0002  9.58328000000000E+0003
 5.58080000000000E+0002  9.57739000000000E+0003
 5.59944000000000E+0002  9.57903000000000E+0003
 5.52209000000000E+0002  9.58357000000000E+0003
 5.59703000000000E+0002  9.57921000000000E+0003
 5.58067293110981E+0002  9.57805005348186E+0003
 5.57387000000000E+0002  9.58402000000000E+0003
 5.58294000000000E+0002  9.57776000000000E+0003
 5.51481000000000E+0002  9.58326000000000E+0003
 5.52449000000000E+0002  9.58282000000000E+0003
 5.60346000000000E+0002  9.57914000000000E+0003
 5.57670000000000E+0002  9.57730000000000E+0003
 5.59172373925078E+0002  9.57990676254549E+0003
 5.54442000000000E+0002  9.58118000000000E+0003
 5.56961000000000E+0002  9.57943000000000E+0003
 5.58515000000000E+0002  9.58300000000000E+0003
 5.52104000000000E+0002  9.58337000000000E+0003
 5.52806000000000E+0002  9.58467000000000E+0003
 5.45268000000000E+0002  9.58871000000000E+0003
 5.58369000000000E+0002  9.58278000000000E+0003
 5.49941000000000E+0002  9.58062000000000E+0003
 5.55587000000000E+0002  9.58166000000000E+0003
 5.49991000000000E+0002  9.58156000000000E+0003
 5.55627000000000E+0002  9.58166000000000E+0003
 5.55867000000000E+0002  9.58157000000000E+0003
 5.45329000000000E+0002  9.58871000000000E+0003
 5.50307000000000E+0002  9.58213000000000E+0003
 5.55329000000000E+0002  9.58218000000000E+0003
 5.50162000000000E+0002  9.58235000000000E+0003
 5.51112000000000E+0002  9.58122000000000E+0003
 5.51248000000000E+0002  9.58087000000000E+0003
 5.51470000000000E+0002  9.58110000000000E+0003
 5.55045000000000E+0002  9.58173000000000E+0003
 5.49999000000000E+0002  9.58181000000000E+0003
 5.49995000000000E+0002  9.58159000000000E+0003
 5.49671000000000E+0002  9.58211000000000E+0003
 5.54385000000000E+0002  9.58150000000000E+0003
 5.50665000000000E+0002  9.58202000000000E+0003
 5.45257000000000E+0002  9.58915000000000E+0003
 5.50125000000000E+0002  9.58143000000000E+0003
 5.50599000000000E+0002  9.58195000000000E+0003
 5.51175000000000E+0002  9.58116000000000E+0003
 5.49604000000000E+0002  9.57963000000000E+0003
 5.48947000000000E+0002  9.58453000000000E+0003
 5.57409000000000E+0002  9.58386000000000E+0003
 5.49983000000000E+0002  9.58206000000000E+0003
 5.50935000000000E+0002  9.58133000000000E+0003
 5.56823000000000E+0002  9.58663000000000E+0003
 5.45239000000000E+0002  9.58496000000000E+0003
 5.56133000000000E+0002  9.58645000000000E+0003
 5.45196000000000E+0002  9.58468000000000E+0003
 5.56582000000000E+0002  9.58622000000000E+0003
 5.55527000000000E+0002  9.58650000000000E+0003
 5.45137000000000E+0002  9.58475000000000E+0003
 5.55640000000000E+0002  9.58741000000000E+0003
 5.53916000000000E+0002  9.58398000000000E+0003
 5.54057038866822E+0002  9.58394290782966E+0003
 5.55130000000000E+0002  9.58639000000000E+0003
 5.54237000000000E+0002  9.58719000000000E+0003
 5.54147000000000E+0002  9.58731000000000E+0003
 5.55109000000000E+0002  9.58742000000000E+0003
 5.53698000000000E+0002  9.58388000000000E+0003
 5.54754000000000E+0002  9.58635000000000E+0003
 5.55497000000000E+0002  9.58641000000000E+0003
 5.56528000000000E+0002  9.58619000000000E+0003
 5.56520000000000E+0002  9.58710000000000E+0003
 5.45243000000000E+0002  9.58544000000000E+0003
 5.51055000000000E+0002  9.58664000000000E+0003
 5.50420000000000E+0002  9.58465000000000E+0003
 5.50994000000000E+0002  9.58547000000000E+0003
 5.58553000000000E+0002  9.58543000000000E+0003
 5.56750000000000E+0002  9.58599000000000E+0003
 5.58486000000000E+0002  9.58539000000000E+0003
 5.50703000000000E+0002  9.58670000000000E+0003
 5.58574000000000E+0002  9.58558000000000E+0003
 5.58461000000000E+0002  9.58526000000000E+0003
 5.51975000000000E+0002  9.58654000000000E+0003
 5.51785000000000E+0002  9.58681000000000E+0003
 5.57548000000000E+0002  9.58639000000000E+0003
 5.52085000000000E+0002  9.58690000000000E+0003
 5.58916000000000E+0002  9.58507000000000E+0003
 5.52023000000000E+0002  9.58392000000000E+0003
 5.51858000000000E+0002  9.58675000000000E+0003
 5.58437000000000E+0002  9.58533000000000E+0003
 5.51641000000000E+0002  9.58670000000000E+0003
 5.51503000000000E+0002  9.58618000000000E+0003
 5.50666000000000E+0002  9.58473000000000E+0003
 5.58827000000000E+0002  9.58510000000000E+0003
 5.58572000000000E+0002  9.58567000000000E+0003
 5.58710000000000E+0002  9.58542000000000E+0003
 5.50871000000000E+0002  9.58489000000000E+0003
 5.57272000000000E+0002  9.58610000000000E+0003
 5.55090000000000E+0002  9.57564000000000E+0003
 5.52106000000000E+0002  9.57803000000000E+0003
 5.46509000000000E+0002  9.58096000000000E+0003
 5.48754000000000E+0002  9.59014000000000E+0003
 5.51955000000000E+0002  9.58012000000000E+0003
 5.52430000000000E+0002  9.57839000000000E+0003
 5.53649000000000E+0002  9.57619000000000E+0003
 5.46244000000000E+0002  9.58128000000000E+0003
 5.46261000000000E+0002  9.58072000000000E+0003
 5.46092000000000E+0002  9.58036000000000E+0003
 5.51798000000000E+0002  9.57808000000000E+0003
 5.52800000000000E+0002  9.58770000000000E+0003
 5.53003000000000E+0002  9.57415000000000E+0003
 5.51875000000000E+0002  9.57743000000000E+0003
 5.52774112302925E+0002  9.57474972552302E+0003
 5.53403000000000E+0002  9.57637000000000E+0003
 5.52382000000000E+0002  9.57778000000000E+0003
 5.53068000000000E+0002  9.57469000000000E+0003
 5.45756000000000E+0002  9.58032000000000E+0003
 5.52362000000000E+0002  9.57508000000000E+0003
 5.43449000000000E+0002  9.58130000000000E+0003
 5.44041000000000E+0002  9.58201000000000E+0003
 5.55153000000000E+0002  9.57536000000000E+0003
 5.52703000000000E+0002  9.57513000000000E+0003
 5.46151000000000E+0002  9.58344000000000E+0003
 5.43495000000000E+0002  9.58123000000000E+0003
 5.44756000000000E+0002  9.58123000000000E+0003
 5.44613000000000E+0002  9.58232000000000E+0003
 5.45100000000000E+0002  9.58081000000000E+0003
 5.44431000000000E+0002  9.58051000000000E+0003
 5.43894000000000E+0002  9.58104000000000E+0003
 5.44667000000000E+0002  9.58174000000000E+0003
 5.44323000000000E+0002  9.58033000000000E+0003
 5.44660000000000E+0002  9.58181000000000E+0003
 5.44109000000000E+0002  9.58173000000000E+0003
 5.44618000000000E+0002  9.58299000000000E+0003
 5.43919000000000E+0002  9.58156000000000E+0003
 5.53074000000000E+0002  9.58641000000000E+0003
 5.42373000000000E+0002  9.58202000000000E+0003
 5.60242000000000E+0002  9.58636000000000E+0003
 5.44619000000000E+0002  9.58115000000000E+0003
 5.58165000000000E+0002  9.58787000000000E+0003
 5.43850000000000E+0002  9.58149000000000E+0003
 5.59641000000000E+0002  9.58832000000000E+0003
 5.44865000000000E+0002  9.58092000000000E+0003
 5.44487000000000E+0002  9.58105000000000E+0003
 5.44053000000000E+0002  9.58061000000000E+0003
 5.44198000000000E+0002  9.58057000000000E+0003
 5.59247984509030E+0002  9.58850166575061E+0003
 5.44453000000000E+0002  9.58032000000000E+0003
 5.44050000000000E+0002  9.58107000000000E+0003
 5.59618000000000E+0002  9.58878000000000E+0003
 5.43397000000000E+0002  9.58076000000000E+0003
 5.59538000000000E+0002  9.58759000000000E+0003
 5.55867000000000E+0002  9.58578000000000E+0003
 5.58683000000000E+0002  9.58765000000000E+0003
 5.58448000000000E+0002  9.58798000000000E+0003
 5.44181000000000E+0002  9.58207000000000E+0003
 5.47955000000000E+0002  9.58723000000000E+0003
 5.58613000000000E+0002  9.58891000000000E+0003
 5.44538000000000E+0002  9.58214000000000E+0003
 5.52905000000000E+0002  9.58145000000000E+0003
 5.58928000000000E+0002  9.59014000000000E+0003
 5.58421000000000E+0002  9.58860000000000E+0003
 5.59399000000000E+0002  9.58955000000000E+0003
 5.58795000000000E+0002  9.58991000000000E+0003
 5.54624000000000E+0002  9.57949000000000E+0003
 5.59249000000000E+0002  9.58971000000000E+0003
 5.58422000000000E+0002  9.58867000000000E+0003
 5.58440000000000E+0002  9.58865000000000E+0003
 5.55103000000000E+0002  9.57941000000000E+0003
 5.59266000000000E+0002  9.58980000000000E+0003
 5.59593000000000E+0002  9.58886000000000E+0003
 5.58497000000000E+0002  9.58863000000000E+0003
 5.58606000000000E+0002  9.58875000000000E+0003
 5.58605000000000E+0002  9.58887000000000E+0003
 5.54670000000000E+0002  9.57970000000000E+0003
 5.47585207650377E+0002  9.59078163551300E+0003
 5.58626000000000E+0002  9.58891000000000E+0003
 5.59356000000000E+0002  9.58997000000000E+0003
 5.54624000000000E+0002  9.57947000000000E+0003
 5.58175000000000E+0002  9.58846000000000E+0003
 5.54631000000000E+0002  9.57952000000000E+0003
 5.45785000000000E+0002  9.58859000000000E+0003
 5.45441000000000E+0002  9.57863000000000E+0003
 5.45805000000000E+0002  9.57798000000000E+0003
 5.46404000000000E+0002  9.58921000000000E+0003
 5.53187000000000E+0002  9.58144000000000E+0003
 5.48531000000000E+0002  9.58440000000000E+0003
 5.53158000000000E+0002  9.58147000000000E+0003
 5.58279000000000E+0002  9.58010000000000E+0003
 5.41363000000000E+0002  9.58109000000000E+0003
 5.58566000000000E+0002  9.58007000000000E+0003
 5.42653000000000E+0002  9.58090000000000E+0003
 5.53785000000000E+0002  9.58060000000000E+0003
 5.45177000000000E+0002  9.57837000000000E+0003
 5.46322000000000E+0002  9.58536000000000E+0003
 5.58669000000000E+0002  9.58064000000000E+0003
 5.53040000000000E+0002  9.57969000000000E+0003
 5.53612000000000E+0002  9.58103000000000E+0003
 5.53632000000000E+0002  9.58028000000000E+0003
 5.46579000000000E+0002  9.58522000000000E+0003
 5.53753000000000E+0002  9.58033000000000E+0003
 5.53302454580656E+0002  9.57726798931917E+0003
 5.54365000000000E+0002  9.57815000000000E+0003
 5.44824000000000E+0002  9.58850000000000E+0003
 5.53710368364606E+0002  9.57694326847800E+0003
 5.53611000000000E+0002  9.58019000000000E+0003
 5.54324000000000E+0002  9.57810000000000E+0003
 5.53445000000000E+0002  9.58033000000000E+0003
 5.52408000000000E+0002  9.57662000000000E+0003
 5.52822000000000E+0002  9.57948000000000E+0003
 5.44935000000000E+0002  9.58823000000000E+0003
 5.44653000000000E+0002  9.58838000000000E+0003
 5.45891000000000E+0002  9.58823000000000E+0003
 5.56944000000000E+0002  9.57497000000000E+0003
 5.45778000000000E+0002  9.58876000000000E+0003
 5.53246245103414E+0002  9.57707696510782E+0003
 5.45758000000000E+0002  9.58798000000000E+0003
 5.53703000000000E+0002  9.58040000000000E+0003
 5.53294670725464E+0002  9.57731909321807E+0003
 5.55145000000000E+0002  9.57931000000000E+0003
 5.53304759396725E+0002  9.57726864986177E+0003
 5.52465000000000E+0002  9.57661000000000E+0003
 5.53083000000000E+0002  9.57960000000000E+0003
 5.53553188272921E+0002  9.57696911986141E+0003
 5.48149000000000E+0002  9.58769000000000E+0003
 5.53299770937340E+0002  9.57703182870741E+0003
 5.44872000000000E+0002  9.58818000000000E+0003
 5.45024000000000E+0002  9.58764000000000E+0003
 5.43898000000000E+0002  9.58518000000000E+0003
 5.44685000000000E+0002  9.57987000000000E+0003
 5.44988000000000E+0002  9.57743000000000E+0003
 5.44445000000000E+0002  9.58421000000000E+0003
 5.43870000000000E+0002  9.58511000000000E+0003
 5.44703000000000E+0002  9.57804000000000E+0003
 5.46633000000000E+0002  9.58678000000000E+0003
 5.45438000000000E+0002  9.58741000000000E+0003
 5.44537000000000E+0002  9.58475000000000E+0003
 5.45560000000000E+0002  9.58749000000000E+0003
 5.48909000000000E+0002  9.57778000000000E+0003
 5.45183000000000E+0002  9.57764000000000E+0003
 5.43002000000000E+0002  9.58111000000000E+0003
 5.44335000000000E+0002  9.58479000000000E+0003
 5.47198000000000E+0002  9.58761000000000E+0003
 5.44360000000000E+0002  9.58568000000000E+0003
 5.46389000000000E+0002  9.58724000000000E+0003
 5.43264000000000E+0002  9.58097000000000E+0003
 5.46814000000000E+0002  9.58720000000000E+0003
 5.44218970237337E+0002  9.58548160104233E+0003
 5.44291000000000E+0002  9.58379000000000E+0003
 5.43972000000000E+0002  9.58493000000000E+0003
 5.43854000000000E+0002  9.58435000000000E+0003
 5.44566000000000E+0002  9.58551000000000E+0003
 5.44722000000000E+0002  9.57759000000000E+0003
 5.45518000000000E+0002  9.58057000000000E+0003
 5.46754000000000E+0002  9.57544000000000E+0003
 5.48372000000000E+0002  9.58966000000000E+0003
 5.48072000000000E+0002  9.59060000000000E+0003
 5.48180000000000E+0002  9.59006000000000E+0003
 5.43520000000000E+0002  9.57882000000000E+0003
 5.59095000000000E+0002  9.58897000000000E+0003
 5.45014000000000E+0002  9.57868000000000E+0003
 5.46221000000000E+0002  9.57895000000000E+0003
 5.48686000000000E+0002  9.57716000000000E+0003
 5.48123000000000E+0002  9.59033000000000E+0003
 5.46252000000000E+0002  9.58121000000000E+0003
 5.45924000000000E+0002  9.57683000000000E+0003
 5.47799000000000E+0002  9.59009000000000E+0003
 5.48863000000000E+0002  9.58983000000000E+0003
 5.47643000000000E+0002  9.58979000000000E+0003
 5.47766000000000E+0002  9.59005000000000E+0003
 5.44160000000000E+0002  9.57881000000000E+0003
 5.43385000000000E+0002  9.57883000000000E+0003
 5.60030000000000E+0002  9.58805000000000E+0003
 5.60120000000000E+0002  9.58790000000000E+0003
 5.55269000000000E+0002  9.58791000000000E+0003
 5.48711000000000E+0002  9.57914000000000E+0003
 5.52340000000000E+0002  9.58426000000000E+0003
 5.56622000000000E+0002  9.58743000000000E+0003
 5.53955000000000E+0002  9.58799000000000E+0003
 5.46408000000000E+0002  9.57651000000000E+0003
 5.55263000000000E+0002  9.58790000000000E+0003
 5.55107000000000E+0002  9.58102000000000E+0003
 5.51762000000000E+0002  9.58291000000000E+0003
 5.48713000000000E+0002  9.57710000000000E+0003
 5.52437000000000E+0002  9.58536000000000E+0003
 5.51897000000000E+0002  9.58613000000000E+0003
 5.52570000000000E+0002  9.58595000000000E+0003
 5.46929000000000E+0002  9.57756000000000E+0003
 5.52461000000000E+0002  9.58480000000000E+0003
 5.52576962440051E+0002  9.58428086189101E+0003
 5.52313000000000E+0002  9.58607000000000E+0003
 5.43869000000000E+0002  9.58503000000000E+0003
 5.44577000000000E+0002  9.58489000000000E+0003
 5.42650000000000E+0002  9.56839000000000E+0003
 5.50238000000000E+0002  9.58495000000000E+0003
 5.49079000000000E+0002  9.58411000000000E+0003
 5.55689000000000E+0002  9.57392000000000E+0003
 5.49016000000000E+0002  9.58395000000000E+0003
 5.48969000000000E+0002  9.58386000000000E+0003
 5.44309000000000E+0002  9.58541000000000E+0003
 5.55747000000000E+0002  9.57339000000000E+0003
 5.56543000000000E+0002  9.57562000000000E+0003
 5.49970000000000E+0002  9.58404000000000E+0003
 5.50186000000000E+0002  9.58414000000000E+0003
 5.55715000000000E+0002  9.57312000000000E+0003
 5.45954000000000E+0002  9.59069000000000E+0003
 5.46060000000000E+0002  9.59148000000000E+0003
 5.46540000000000E+0002  9.58994000000000E+0003
 5.46449000000000E+0002  9.59135000000000E+0003
 5.45755000000000E+0002  9.59161000000000E+0003
 5.45437000000000E+0002  9.58999000000000E+0003
 5.46634000000000E+0002  9.59122000000000E+0003
 5.44707000000000E+0002  9.58479000000000E+0003
 5.46722000000000E+0002  9.59075000000000E+0003
 5.45052000000000E+0002  9.58508000000000E+0003
 5.47559000000000E+0002  9.59029000000000E+0003
 5.47013000000000E+0002  9.59092000000000E+0003
 5.45488000000000E+0002  9.58953000000000E+0003
 5.45970000000000E+0002  9.58437000000000E+0003
 5.45784000000000E+0002  9.59147000000000E+0003
 5.42668000000000E+0002  9.57798000000000E+0003
 5.44530000000000E+0002  9.58553000000000E+0003
 5.46173000000000E+0002  9.59114000000000E+0003
 5.46718000000000E+0002  9.59029000000000E+0003
 5.49796000000000E+0002  9.58739000000000E+0003
 5.46767000000000E+0002  9.59045000000000E+0003
 5.49779000000000E+0002  9.58975000000000E+0003
 5.42487000000000E+0002  9.57796000000000E+0003
 5.42594000000000E+0002  9.57792000000000E+0003
 5.46389000000000E+0002  9.59131000000000E+0003
 5.42416000000000E+0002  9.57791000000000E+0003
 5.49261000000000E+0002  9.58989000000000E+0003
 5.45971000000000E+0002  9.59073000000000E+0003
 5.46171000000000E+0002  9.58970000000000E+0003
 5.49925000000000E+0002  9.58983000000000E+0003
 5.48648000000000E+0002  9.59012000000000E+0003
 5.42468000000000E+0002  9.57815000000000E+0003
 5.45959000000000E+0002  9.59066000000000E+0003
 5.56847000000000E+0002  9.57673000000000E+0003
 5.49452000000000E+0002  9.58993000000000E+0003
 5.49094000000000E+0002  9.59021000000000E+0003
 5.49904000000000E+0002  9.58965000000000E+0003
 5.49139000000000E+0002  9.59019000000000E+0003
 5.51734000000000E+0002  9.58292000000000E+0003
 5.45434000000000E+0002  9.58162000000000E+0003
 5.46669000000000E+0002  9.58215000000000E+0003
 5.49510000000000E+0002  9.58935000000000E+0003
 5.45326000000000E+0002  9.58161000000000E+0003
 5.46035000000000E+0002  9.58279000000000E+0003
 5.46077000000000E+0002  9.58272000000000E+0003
 5.45295000000000E+0002  9.58183000000000E+0003
 5.50720000000000E+0002  9.58713000000000E+0003
 5.49313000000000E+0002  9.58992000000000E+0003
 5.56396000000000E+0002  9.58818000000000E+0003
 5.53914000000000E+0002  9.58601000000000E+0003
 5.45695000000000E+0002  9.58229000000000E+0003
 5.44958000000000E+0002  9.58263000000000E+0003
 5.45117000000000E+0002  9.58260000000000E+0003
 5.46385000000000E+0002  9.58213000000000E+0003
 5.45850000000000E+0002  9.58195000000000E+0003
 5.58677000000000E+0002  9.58292000000000E+0003
 5.46564000000000E+0002  9.58203000000000E+0003
 5.44268000000000E+0002  9.58220000000000E+0003
 5.45965000000000E+0002  9.58196000000000E+0003
 5.45234000000000E+0002  9.58214000000000E+0003
 5.49491000000000E+0002  9.58616000000000E+0003
 5.50681000000000E+0002  9.58475000000000E+0003
 5.56662000000000E+0002  9.58719000000000E+0003
 5.54780000000000E+0002  9.58832000000000E+0003
 5.45121000000000E+0002  9.58211000000000E+0003
 5.44796000000000E+0002  9.58259000000000E+0003
 5.48697000000000E+0002  9.58918000000000E+0003
 5.60382000000000E+0002  9.58697000000000E+0003
 5.49028000000000E+0002  9.58910000000000E+0003
 5.54972000000000E+0002  9.58846000000000E+0003
 5.46607000000000E+0002  9.58806000000000E+0003
 5.49155000000000E+0002  9.58894000000000E+0003
 5.49416000000000E+0002  9.58848000000000E+0003
 5.48683000000000E+0002  9.58954000000000E+0003
 5.48863000000000E+0002  9.58886000000000E+0003
 5.56294000000000E+0002  9.57816000000000E+0003
 5.53837000000000E+0002  9.58404000000000E+0003
 5.46585000000000E+0002  9.58717000000000E+0003
 5.49972000000000E+0002  9.58440000000000E+0003
 5.50160000000000E+0002  9.58414000000000E+0003
 5.57103000000000E+0002  9.58833000000000E+0003
 5.54271000000000E+0002  9.58479000000000E+0003
 5.43666000000000E+0002  9.58111000000000E+0003
 5.42484000000000E+0002  9.58148000000000E+0003
 5.54414716088118E+0002  9.58365826888547E+0003
 5.62580000000000E+0002  9.57326000000000E+0003
 5.62580000000000E+0002  9.57326000000000E+0003
 5.51857000000000E+0002  9.58771000000000E+0003
 5.42606000000000E+0002  9.57794000000000E+0003
 5.47782000000000E+0002  9.57634000000000E+0003
 5.49391430994150E+0002  9.58692419718898E+0003
 5.56109000000000E+0002  9.57576000000000E+0003
 5.57643000000000E+0002  9.58105000000000E+0003
 5.48051000000000E+0002  9.58649000000000E+0003
 5.42047000000000E+0002  9.58141000000000E+0003
 5.35709247219829E+0002  9.58878921767906E+0003
 5.39180000000000E+0002  9.56607000000000E+0003
 5.59136000000000E+0002  9.58079000000000E+0003
 5.39180000000000E+0002  9.56607000000000E+0003
 5.52751000000000E+0002  9.58802000000000E+0003
 5.52812000000000E+0002  9.58806000000000E+0003
 5.44151000000000E+0002  9.58056000000000E+0003
 5.52835000000000E+0002  9.58783000000000E+0003
 5.49255000000000E+0002  9.58727000000000E+0003
 5.53930000000000E+0002  9.58886000000000E+0003
 5.42650000000000E+0002  9.56839000000000E+0003
 5.49090000000000E+0002  9.59002000000000E+0003
 5.49717000000000E+0002  9.58955000000000E+0003
 5.47464000000000E+0002  9.58966000000000E+0003
 5.49510000000000E+0002  9.58665000000000E+0003
 5.48570000000000E+0002  9.58607000000000E+0003
 5.51726000000000E+0002  9.58892000000000E+0003
 5.51396000000000E+0002  9.58898000000000E+0003
 5.52139000000000E+0002  9.58870000000000E+0003
 5.52559000000000E+0002  9.58858000000000E+0003
 5.50669000000000E+0002  9.58811000000000E+0003
 5.49820000000000E+0002  9.58843000000000E+0003
 5.50728000000000E+0002  9.58780000000000E+0003
 5.50918000000000E+0002  9.58728000000000E+0003
 5.51183000000000E+0002  9.58743000000000E+0003
 5.50109000000000E+0002  9.58745000000000E+0003
 5.51057000000000E+0002  9.58734000000000E+0003
 5.50634000000000E+0002  9.58779000000000E+0003
 5.50961000000000E+0002  9.58735000000000E+0003
 5.49959000000000E+0002  9.58536000000000E+0003
 5.50003000000000E+0002  9.58540000000000E+0003
 5.49578000000000E+0002  9.58487000000000E+0003
 5.50938000000000E+0002  9.58300000000000E+0003
 5.49723000000000E+0002  9.58300000000000E+0003
 5.49719000000000E+0002  9.58299000000000E+0003
 5.49796000000000E+0002  9.58711000000000E+0003
 5.48374000000000E+0002  9.58680000000000E+0003
 5.49143000000000E+0002  9.58818000000000E+0003
 5.49040000000000E+0002  9.58814000000000E+0003
 5.49025000000000E+0002  9.58833000000000E+0003
 5.50085000000000E+0002  9.58822000000000E+0003
 5.45023000000000E+0002  9.58390000000000E+0003
 5.45430000000000E+0002  9.58365000000000E+0003
 5.45823000000000E+0002  9.58399000000000E+0003
 5.45222000000000E+0002  9.58394000000000E+0003
 5.46226000000000E+0002  9.58349000000000E+0003
 5.45156000000000E+0002  9.58427000000000E+0003
 5.45628000000000E+0002  9.58407000000000E+0003
 5.62005000000000E+0002  9.58403000000000E+0003
 5.61497000000000E+0002  9.58531000000000E+0003
 5.61085000000000E+0002  9.58562000000000E+0003
 5.61224000000000E+0002  9.58549000000000E+0003
 5.60392000000000E+0002  9.58709000000000E+0003
 5.62281000000000E+0002  9.58349000000000E+0003
 5.61342000000000E+0002  9.58559000000000E+0003
 5.54047000000000E+0002  9.58883000000000E+0003
 5.54184000000000E+0002  9.58880000000000E+0003
 5.50431000000000E+0002  9.58660000000000E+0003
 5.49341000000000E+0002  9.58512000000000E+0003
 5.49384000000000E+0002  9.58511000000000E+0003
 5.50387000000000E+0002  9.58672000000000E+0003
 5.50191000000000E+0002  9.58626000000000E+0003
 5.57320000000000E+0002  9.58825000000000E+0003
 5.57025000000000E+0002  9.58796000000000E+0003
 5.57586000000000E+0002  9.58838000000000E+0003
 5.57581000000000E+0002  9.58808000000000E+0003
 5.48992000000000E+0002  9.58490000000000E+0003
 5.52004000000000E+0002  9.58839000000000E+0003
 5.52492000000000E+0002  9.58738000000000E+0003
 5.52803000000000E+0002  9.58728000000000E+0003
 5.51078000000000E+0002  9.58904000000000E+0003
 5.51245000000000E+0002  9.58753000000000E+0003
 5.51116000000000E+0002  9.58904000000000E+0003
 5.51530000000000E+0002  9.58851000000000E+0003
 5.53298000000000E+0002  9.58785000000000E+0003
 5.52504000000000E+0002  9.58738000000000E+0003
 5.53064000000000E+0002  9.58776000000000E+0003
 5.52221000000000E+0002  9.58838000000000E+0003
 5.52382000000000E+0002  9.58853000000000E+0003
 5.51876000000000E+0002  9.58801000000000E+0003
 5.51781000000000E+0002  9.58772000000000E+0003
 5.52168000000000E+0002  9.58826000000000E+0003
 5.52532000000000E+0002  9.58793000000000E+0003
 5.53186000000000E+0002  9.58780000000000E+0003
 5.54028000000000E+0002  9.58752000000000E+0003
 5.52336000000000E+0002  9.58848000000000E+0003
 5.52478000000000E+0002  9.58818000000000E+0003
 5.52319000000000E+0002  9.58812000000000E+0003
 5.53385000000000E+0002  9.58692000000000E+0003
 5.53726000000000E+0002  9.58741000000000E+0003
 5.51285000000000E+0002  9.58768000000000E+0003
 5.51783000000000E+0002  9.58801000000000E+0003
 5.52703000000000E+0002  9.58737000000000E+0003
 5.53322000000000E+0002  9.58762000000000E+0003
 5.53071000000000E+0002  9.58755000000000E+0003
 5.51666000000000E+0002  9.58789000000000E+0003
 5.43692000000000E+0002  9.57899000000000E+0003
 5.52383000000000E+0002  9.57517000000000E+0003
 5.53942000000000E+0002  9.57658000000000E+0003
 5.53038000000000E+0002  9.57612000000000E+0003
 5.53043000000000E+0002  9.57650000000000E+0003
 5.52898000000000E+0002  9.57410000000000E+0003
 5.48813000000000E+0002  9.57679000000000E+0003
 5.51175000000000E+0002  9.58069000000000E+0003
 5.46784000000000E+0002  9.58827000000000E+0003
 5.46811000000000E+0002  9.58810000000000E+0003
 5.46569000000000E+0002  9.58856000000000E+0003
 5.46610000000000E+0002  9.58807000000000E+0003
 5.47111422096967E+0002  9.58941447582212E+0003
 5.58623000000000E+0002  9.58759000000000E+0003
 5.57760000000000E+0002  9.58798000000000E+0003
 5.45698000000000E+0002  9.58365000000000E+0003
 5.59361000000000E+0002  9.58965000000000E+0003
 5.59227000000000E+0002  9.58977000000000E+0003
 5.52086000000000E+0002  9.58822000000000E+0003
 5.46586000000000E+0002  9.59138000000000E+0003
 5.45521000000000E+0002  9.58996000000000E+0003
 5.47290000000000E+0002  9.58991000000000E+0003
 5.47275038053720E+0002  9.58712648077726E+0003
 5.46992000000000E+0002  9.58760000000000E+0003
 5.52669000000000E+0002  9.58461000000000E+0003
 5.51861000000000E+0002  9.58456000000000E+0003
 5.51995000000000E+0002  9.58446000000000E+0003
 5.51312000000000E+0002  9.58413000000000E+0003
 5.57191000000000E+0002  9.57698000000000E+0003
 5.57206000000000E+0002  9.57715000000000E+0003
 5.54308000000000E+0002  9.58154000000000E+0003
 5.54594000000000E+0002  9.58200000000000E+0003
 5.54959000000000E+0002  9.58161000000000E+0003
 5.52598000000000E+0002  9.57499000000000E+0003
 5.52922000000000E+0002  9.57419000000000E+0003
 5.53019000000000E+0002  9.57431000000000E+0003
 5.52871394373110E+0002  9.57471953453572E+0003
 5.55062000000000E+0002  9.58127000000000E+0003
 5.55787000000000E+0002  9.58145000000000E+0003
 5.57180000000000E+0002  9.57673000000000E+0003
 5.57098000000000E+0002  9.57685000000000E+0003
 5.53639703282571E+0002  9.57683685473182E+0003
 5.48864000000000E+0002  9.57542000000000E+0003
 5.50254000000000E+0002  9.57711000000000E+0003
 5.50228000000000E+0002  9.57711000000000E+0003
 5.52590000000000E+0002  9.57523000000000E+0003
 5.48918000000000E+0002  9.57565000000000E+0003
 5.48318000000000E+0002  9.57540000000000E+0003
 5.49972000000000E+0002  9.58149000000000E+0003
 5.49185000000000E+0002  9.57721000000000E+0003
 5.48358000000000E+0002  9.57532000000000E+0003
 5.48167000000000E+0002  9.57671000000000E+0003
 5.48609000000000E+0002  9.57669000000000E+0003
 5.47433000000000E+0002  9.57625000000000E+0003
 5.47353000000000E+0002  9.57628000000000E+0003
 5.47178000000000E+0002  9.57647000000000E+0003
 5.47245000000000E+0002  9.57612000000000E+0003
 5.47321000000000E+0002  9.57610000000000E+0003
 5.47423000000000E+0002  9.57635000000000E+0003
 5.47403000000000E+0002  9.57593000000000E+0003
 5.48399000000000E+0002  9.57587000000000E+0003
 5.48498000000000E+0002  9.57562000000000E+0003
 5.54916000000000E+0002  9.57498000000000E+0003
 5.46557000000000E+0002  9.58046000000000E+0003
 5.46450000000000E+0002  9.57992000000000E+0003
 5.47857000000000E+0002  9.58509000000000E+0003
 5.46359000000000E+0002  9.58093000000000E+0003
 5.56384000000000E+0002  9.57696000000000E+0003
 5.52576000000000E+0002  9.58819000000000E+0003
 5.52277000000000E+0002  9.58810000000000E+0003
 5.44921000000000E+0002  9.58651000000000E+0003
 5.45748000000000E+0002  9.58667000000000E+0003
 5.44870000000000E+0002  9.58517000000000E+0003
 5.56549000000000E+0002  9.58429000000000E+0003
 5.57632000000000E+0002  9.57743000000000E+0003
 5.45798000000000E+0002  9.59087000000000E+0003
 5.55372000000000E+0002  9.58190000000000E+0003
 5.55473875844683E+0002  9.57526141085519E+0003
 5.48508000000000E+0002  9.58827000000000E+0003
 5.54620000000000E+0002  9.58188000000000E+0003
 5.62580000000000E+0002  9.57326000000000E+0003
 5.52480000000000E+0002  9.58856000000000E+0003
 5.57976000000000E+0002  9.58607000000000E+0003
 5.45822000000000E+0002  9.58356000000000E+0003
 5.44976000000000E+0002  9.58294000000000E+0003
 5.54573000000000E+0002  9.58112000000000E+0003
 5.55065000000000E+0002  9.58210000000000E+0003
 5.55821000000000E+0002  9.58157000000000E+0003
 5.42650000000000E+0002  9.56839000000000E+0003
 5.55706000000000E+0002  9.58181000000000E+0003
 5.55570000000000E+0002  9.58191000000000E+0003
 5.52470000000000E+0002  9.57510000000000E+0003
 5.57894000000000E+0002  9.57791000000000E+0003
 5.44478000000000E+0002  9.58344000000000E+0003
 5.43880000000000E+0002  9.58388000000000E+0003
 5.54947000000000E+0002  9.58248000000000E+0003
 5.54636000000000E+0002  9.58152000000000E+0003
 5.55224000000000E+0002  9.58169000000000E+0003
 5.44479000000000E+0002  9.58487000000000E+0003
 5.35744346004607E+0002  9.58877605563477E+0003
 5.56996903105735E+0002  9.58814226319537E+0003
 5.54022956885731E+0002  9.57652651833441E+0003
 5.53706496493687E+0002  9.58447301715434E+0003
 5.62285779174738E+0002  9.58392352705398E+0003
 5.52408465901193E+0002  9.57504828084187E+0003
 5.52533984912428E+0002  9.57489377664706E+0003
 5.53060298117271E+0002  9.57579318226013E+0003
 5.53065959950158E+0002  9.57436309398536E+0003
 5.42151964349274E+0002  9.58155139265944E+0003
 5.41950687221094E+0002  9.58131733518846E+0003
 5.44689398902907E+0002  9.58015789974494E+0003
 5.46088524717675E+0002  9.59084155757124E+0003
 5.50432660835821E+0002  9.58679599753091E+0003
 5.72457201983266E+0002  9.56870062113039E+0003
 5.59206858941840E+0002  9.58994844578539E+0003
 5.58496785838314E+0002  9.58878320590455E+0003
 5.41990741123722E+0002  9.58425111230150E+0003
 5.52196148670478E+0002  9.58779379545855E+0003
 5.46849510303343E+0002  9.58182833427361E+0003
 5.47653011375266E+0002  9.57828246773348E+0003
 5.55297793493285E+0002  9.58199477012786E+0003
 5.45826049818678E+0002  9.58267285840262E+0003
 5.46172599677541E+0002  9.58536921858474E+0003
 5.46437298568427E+0002  9.58155377361122E+0003
 5.43034731126524E+0002  9.56821525276589E+0003
 5.44451490578914E+0002  9.57779206471886E+0003
 5.55246171041644E+0002  9.58716608345673E+0003
 5.42980348721729E+0002  9.56820800177858E+0003
 5.53558411690965E+0002  9.58066625522358E+0003
 5.52456096555253E+0002  9.57584282865585E+0003
 5.54967992281450E+0002  9.58439847907889E+0003
 5.56817131615625E+0002  9.58844544910265E+0003
 5.55528313849368E+0002  9.58828770317814E+0003
 5.55675990885085E+0002  9.58824742762294E+0003
 5.53916267696263E+0002  9.58886705958273E+0003
 5.45894047556064E+0002  9.58922621552843E+0003
 5.52779969097423E+0002  9.58806553898124E+0003
 5.52049133282974E+0002  9.58764664425238E+0003
 5.38265682733283E+0002  9.58307972094932E+0003
 5.52490330812639E+0002  9.57497474645817E+0003
 5.53429917476258E+0002  9.58566928760983E+0003
 5.52099728581503E+0002  9.58821929104028E+0003
 5.62100216064811E+0002  9.57307505159539E+0003
 5.56225828378998E+0002  9.57313580749084E+0003
 5.52274818179383E+0002  9.58658663085337E+0003
 5.51281004659849E+0002  9.58751785621976E+0003
 5.46471727514217E+0002  9.58526467328476E+0003
 5.45926284929189E+0002  9.58977492148631E+0003
 5.53213655841185E+0002  9.57607706164129E+0003
 5.46461119846068E+0002  9.58722896767956E+0003
 5.47915343368990E+0002  9.58452036744794E+0003
 5.41282655065927E+0002  9.57110855403596E+0003
 5.53493399077352E+0002  9.58568492654122E+0003
 5.48401785186550E+0002  9.58419920209931E+0003
 5.39937795108108E+0002  9.58374192632757E+0003
 5.57584900433381E+0002  9.58100153611861E+0003
 5.54296533807070E+0002  9.58334648376312E+0003
 5.57430525150560E+0002  9.57633973646350E+0003
 5.48450566470951E+0002  9.58470499163825E+0003
 5.53764773860372E+0002  9.58592870388868E+0003
 5.58782481578553E+0002  9.58044542266380E+0003
 5.47621996329243E+0002  9.57785367781369E+0003
 5.48589601387937E+0002  9.58183701967749E+0003
 5.57271763250956E+0002  9.58832315068989E+0003
 5.52441716224446E+0002  9.58626696221351E+0003
 5.50347948557442E+0002  9.58476909137465E+0003
 5.48652470786304E+0002  9.58909010098732E+0003
 5.54115895269295E+0002  9.58634105223701E+0003
 5.46672333873257E+0002  9.58488783330189E+0003
 5.51223285159906E+0002  9.58506785895753E+0003
 5.43862006194575E+0002  9.58105421333878E+0003
 5.49643220341132E+0002  9.58278073181798E+0003
 5.51996411799807E+0002  9.58757069265619E+0003
 5.50851136065445E+0002  9.58545835342989E+0003
 5.50121773917598E+0002  9.58695312792682E+0003
 5.47017355662103E+0002  9.58396302941869E+0003
 5.46282370109890E+0002  9.58545778034066E+0003
 5.48723388475257E+0002  9.58335217023119E+0003
 5.42347991353508E+0002  9.57097568303285E+0003
 5.47931460901020E+0002  9.58140701034332E+0003
 5.48378062871670E+0002  9.58473550322610E+0003
 5.53235823012113E+0002  9.58604139341722E+0003
 5.59755889628160E+0002  9.57661213068508E+0003
 5.49800223260282E+0002  9.58039378411955E+0003
 5.44841289596448E+0002  9.58530687513246E+0003
 5.43212527228259E+0002  9.58125107467472E+0003
 5.47709069238177E+0002  9.58144243249253E+0003
 5.56619750671282E+0002  9.58054030650176E+0003
 5.60057994989339E+0002  9.57029244864179E+0003
